nin_addlayer_5	0.894300	0.883000	0.011300
nin_addlayer_6	0.880700	0.874000	0.006700
nin_addlayer_7	0.872500	0.865000	0.007500
nin_addlayer_8	0.885800	0.878000	0.007800
nin_addlayer_1	0.884700	0.884000	0.000700
nin_addlayer_11	0.882400	0.873000	0.009400
nin_addlayer_4	0.878000	0.868000	0.010000
nin_addlayer_3	0.871100	0.865000	0.006100
nin_addlayer_9	0.876000	0.869000	0.007000
nin_addlayer_10	0.888600	0.874000	0.014600
nin_addlayer_2	0.883300	0.871000	0.012300
nin_dellayer_7	0.888900	0.878000	0.010900
nin_dellayer_5	0.841900	0.829000	0.012900
nin_dellayer_1	0.881500	0.875000	0.006500
nin_dellayer_6	0.880000	0.874000	0.006000
nin_dellayer_8	0.859000	0.831000	0.028000
nin_dellayer_3	0.857000	0.839000	0.018000
nin_dellayer_10	0.867900	0.859000	0.008900
nin_dellayer_11	0.888600	0.882000	0.006600
nin_dellayer_9	0.884800	0.875000	0.009800
nin_dellayer_4	0.878200	0.872000	0.006200
nin_dellayer_2	0.879500	0.874000	0.005500
nin_addneuron_6	0.888900	0.878000	0.010900
nin_addneuron_7	0.881400	0.870000	0.011400
nin_addneuron_2	0.881700	0.866000	0.015700
nin_addneuron_8	0.885900	0.880000	0.005900
nin_addneuron_4	0.881600	0.872000	0.009600
nin_addneuron_3	0.890100	0.889000	0.001100
nin_addneuron_5	0.890600	0.877000	0.013600
nin_addneuron_1	0.885700	0.889000	0.003300
nin_delneuron_8	0.890400	0.881000	0.009400
nin_delneuron_2	0.878900	0.870000	0.008900
nin_delneuron_1	0.882900	0.869000	0.013900
nin_delneuron_6	0.877300	0.863000	0.014300
nin_delneuron_3	0.878300	0.857000	0.021300
nin_delneuron_4	0.876000	0.858000	0.018000
nin_delneuron_5	0.882100	0.868000	0.014100
nin_delneuron_7	0.880200	0.875000	0.005200
nin_lr_0.1	0.861100	0.858000	0.003100
nin_lr_0.001	0.802700	0.774000	0.028700
nin_lr_0.01	0.880200	0.873000	0.007200
nin_momentum_0.95	0.888800	0.881000	0.007800
nin_momentum_0.99	0.898600	0.889000	0.009600
nin_momentum_0.5	0.829000	0.817000	0.012000
nin_momentum_0.7	0.863400	0.853000	0.010400
nin_dropout_0.1	0.882900	0.863000	0.019900
nin_dropout_0.4	0.882000	0.881000	0.001000
nin_dropout_0.2	0.877100	0.865000	0.012100
nin_dropout_0.3	0.885800	0.877000	0.008800
